Spearman Rank Correlation Matrix (All Variables):

--------------------------------------------------------------------------------
                 Metros2  CapasCNN  Kernel  lookback  batchsize  updates  threshold  numfilters1  numfilters2  numfilters3  AvgTrainRNMSE  AvgTestRNMSE  AvgTestIncRNMSE  AvgTestIncTime
Metros2           1.0000   -0.0858 -0.3639    0.1481     0.0124  -0.0465    -0.1465      -0.0787       0.0732       0.0487         0.4715        0.6598           0.1613          0.3127
CapasCNN         -0.0858    1.0000  0.1229    0.1127    -0.0103  -0.0388    -0.2288      -0.2379       0.0022          NaN        -0.3044        0.2384          -0.0980          0.5366
Kernel           -0.3639    0.1229  1.0000   -0.1845    -0.0435  -0.0131     0.1449       0.0821      -0.0732      -0.0487        -0.2282       -0.3540          -0.0271         -0.1942
lookback          0.1481    0.1127 -0.1845    1.0000     0.2558   0.3756    -0.1828      -0.0930      -0.1582      -0.1168        -0.2321        0.3183          -0.2465          0.5053
batchsize         0.0124   -0.0103 -0.0435    0.2558     1.0000   0.3142    -0.0206      -0.1356      -0.1843      -0.1162        -0.0055       -0.0087          -0.1993          0.1711
updates          -0.0465   -0.0388 -0.0131    0.3756     0.3142   1.0000    -0.0664      -0.0263      -0.2326      -0.1480        -0.1094        0.0101          -0.3473          0.5482
threshold        -0.1465   -0.2288  0.1449   -0.1828    -0.0206  -0.0664     1.0000       0.0553      -0.0134       0.0009         0.0343       -0.2324           0.0362         -0.2177
numfilters1      -0.0787   -0.2379  0.0821   -0.0930    -0.1356  -0.0263     0.0553       1.0000       0.0671       0.0016         0.0068       -0.0815           0.0574         -0.2144
numfilters2       0.0732    0.0022 -0.0732   -0.1582    -0.1843  -0.2326    -0.0134       0.0671       1.0000       0.0695         0.0121        0.0238           0.1108         -0.1523
numfilters3       0.0487       NaN -0.0487   -0.1168    -0.1162  -0.1480     0.0009       0.0016       0.0695       1.0000        -0.0286        0.0479           0.0659         -0.1166
AvgTrainRNMSE     0.4715   -0.3044 -0.2282   -0.2321    -0.0055  -0.1094     0.0343       0.0068       0.0121      -0.0286         1.0000        0.2768           0.1709         -0.0778
AvgTestRNMSE      0.6598    0.2384 -0.3540    0.3183    -0.0087   0.0101    -0.2324      -0.0815       0.0238       0.0479         0.2768        1.0000           0.0511          0.4327
AvgTestIncRNMSE   0.1613   -0.0980 -0.0271   -0.2465    -0.1993  -0.3473     0.0362       0.0574       0.1108       0.0659         0.1709        0.0511           1.0000         -0.2443
AvgTestIncTime    0.3127    0.5366 -0.1942    0.5053     0.1711   0.5482    -0.2177      -0.2144      -0.1523      -0.1166        -0.0778        0.4327          -0.2443          1.0000
--------------------------------------------------------------------------------
